%YAML:1.0
---
names:
   - "1"
   - "2"
   - "3"
   - "4"
K_1: !!opencv-matrix
   rows: 3
   cols: 3
   dt: d
   data: [ 9.1738806152343750e+02, 0., 3.5602612304687500e+02, 0.,
       9.1550195312500000e+02, 6.3911352539062500e+02, 0., 0., 1. ]
dist_1: !!opencv-matrix
   rows: 1
   cols: 5
   dt: d
   data: [ 0., 0., 0., 0., 0. ]
K_2: !!opencv-matrix
   rows: 3
   cols: 3
   dt: d
   data: [ 9.1685180664062500e+02, 0., 3.6642492675781250e+02, 0.,
       9.1634179687500000e+02, 6.3797753906250000e+02, 0., 0., 1. ]
dist_2: !!opencv-matrix
   rows: 1
   cols: 5
   dt: d
   data: [ 0., 0., 0., 0., 0. ]
K_3: !!opencv-matrix
   rows: 3
   cols: 3
   dt: d
   data: [ 9.2047760009765625e+02, 0., 3.6139477539062500e+02, 0.,
       9.2003033447265625e+02, 6.5054864501953125e+02, 0., 0., 1. ]
dist_3: !!opencv-matrix
   rows: 1
   cols: 5
   dt: d
   data: [ 0., 0., 0., 0., 0. ]
K_4: !!opencv-matrix
   rows: 3
   cols: 3
   dt: d
   data: [ 9.2048437500000000e+02, 0., 3.7329199218750000e+02, 0.,
       9.1965472412109375e+02, 6.4878417968750000e+02, 0., 0., 1. ]
dist_4: !!opencv-matrix
   rows: 1
   cols: 5
   dt: d
   data: [ 0., 0., 0., 0., 0. ]
