%YAML:1.0
---
names:
   - "1"
   - "2"
   - "3"
   - "4"
R_1: !!opencv-matrix
   rows: 3
   cols: 1
   dt: d
   data: [ -1.3675097506231542e+00, 2.2328071862139209e-01,
       -2.7903024938196999e+00 ]
Rot_1: !!opencv-matrix
   rows: 3
   cols: 3
   dt: d
   data: [ -6.1436659420182960e-01, -3.9452838001438915e-02,
       7.8803398784472845e-01, -8.6364061251110791e-02,
       -9.8938582145617060e-01, -1.1686481788700750e-01,
       7.8428040982211489e-01, -1.3985550364303168e-01,
       6.0443829424733919e-01 ]
T_1: !!opencv-matrix
   rows: 3
   cols: 1
   dt: d
   data: [ -3.5571004587074103e-03, 1.5393011381475311e-01,
       2.0838695570227763e+00 ]
R_2: !!opencv-matrix
   rows: 3
   cols: 1
   dt: d
   data: [ -1.3873007056394366e+00, -1.3056700072520327e-01,
       2.7488142498980457e+00 ]
Rot_2: !!opencv-matrix
   rows: 3
   cols: 3
   dt: d
   data: [ -5.9329537810160593e-01, -1.5170454841009226e-02,
       -8.0484175151456350e-01, 9.1389116603115647e-02,
       -9.9462726812186575e-01, -4.8620366203126944e-02,
       -7.9978063478354999e-01, -1.0239999464381100e-01,
       5.9149472873379849e-01 ]
T_2: !!opencv-matrix
   rows: 3
   cols: 1
   dt: d
   data: [ -1.3532375709234085e-01, 2.1535013654139359e-01,
       2.0516419075865189e+00 ]
R_3: !!opencv-matrix
   rows: 3
   cols: 1
   dt: d
   data: [ -2.8412182449669521e+00, 8.6819372119576466e-02,
       -1.1959613222692547e+00 ]
Rot_3: !!opencv-matrix
   rows: 3
   cols: 3
   dt: d
   data: [ 6.9787442300736180e-01, -2.9466292548141298e-02,
       7.1561375494112178e-01, -7.4196209394453969e-02,
       -9.9675182790067873e-01, 3.1314340570849759e-02,
       7.1236673418736784e-01, -7.4949275190484721e-02,
       -6.9779429047952612e-01 ]
T_3: !!opencv-matrix
   rows: 3
   cols: 1
   dt: d
   data: [ 5.5130624738894754e-02, 1.9749495990676144e-01,
       2.1425228320803473e+00 ]
R_4: !!opencv-matrix
   rows: 3
   cols: 1
   dt: d
   data: [ -2.7372759741685249e+00, -8.7113644554222852e-02,
       1.2915953289908235e+00 ]
Rot_4: !!opencv-matrix
   rows: 3
   cols: 3
   dt: d
   data: [ 6.3562106827527065e-01, 3.4778146478620510e-03,
       -7.7199358122270245e-01, 1.0021881573350258e-01,
       -9.9190011843750803e-01, 7.8046677942378601e-02,
       -7.6546909250260375e-01, -1.2697622532622485e-01,
       -6.3082090332165330e-01 ]
T_4: !!opencv-matrix
   rows: 3
   cols: 1
   dt: d
   data: [ -6.3803162242314249e-04, 1.4100621384547793e-01,
       2.0470981259732990e+00 ]
